7
6 10
1820 510 370 1000 460 324 505 640 2030 409
2000 430 450 1110 606 290 530 670 2104 501
1760 502 395 1200 550 199 525 702 1830 550
2130 640 560 1307 735 450 600 720 2150 575
1143 455 505 1140 500 400 350 550 2030 399
1200 475 403 1002 560 350 502 640 2009 460
4 1
4020
3560
5540
3540
5 5
2 9 9 5 1
2 8 10 5 1
2 8 9 5 2
3 8 9 6 1
2 7 9 5 2
10 8
135 1478 1305 987 541 111 98 1338
150 1587 1255 958 600 115 95 1400
145 1578 1150 578 775 450 99 1395
155 1600 1000 550 900 350 150 1450
120 1578 1250 475 874 240 125 1333
111 1111 1300 500 900 300 120 1800
130 1358 1421 750 700 250 100 1630
130 1255 1200 600 350 222 80 1705
100 1800 2000 500 100 50 100 1400
105 1600 1425 350 500 350 85 1355
4 8
130 1358 1421 750 700 250 100 1630
130 1255 1200 600 350 222 80 1705
100 1800 2000 500 100 50 100 1400
105 1600 1425 350 500 350 85 1355
8 4
135 1478 1305 987 
150 1587 1255 958 
145 1578 1150 578 
155 1600 1000 550 
120 1578 1250 475 
111 1111 1300 500 
130 1358 1421 750 
130 1255 1200 600 
4 3
135 1478 1305 
132 1477 1306 
136 1475 1309 
137 1476 1301 